Pantaloni:0.277155692389
Gonne:0.233437474209
Giacche:0.276242962858
Camicie:0.273819259734
Maglie:0.267091788576
Vestiti:0.294360800234

General:0.27447496116
