Pantaloni:0.302665069753
Gonne:0.258720375919
Giacche:0.303485948517
Camicie:0.290536211025
Maglie:0.301340350309
Vestiti:0.317310234514

General:0.301713108804
