Pantaloni:0.12856772281
Gonne:0.171739091116
Giacche:0.153413515346
Camicie:0.159921322272
Maglie:0.14558984347
Vestiti:0.165211256216

General:0.149406171647
