Pantaloni:0.26962218901
Gonne:0.337414216902
Giacche:0.296312265834
Camicie:0.299590368208
Maglie:0.287559608079
Vestiti:0.294874610318

General:0.289747455908
