Pantaloni:0.271503691124
Gonne:0.378984747552
Giacche:0.275439697504
Camicie:0.274251055398
Maglie:0.268468022969
Vestiti:0.283613577805

General:0.274885754186
