Pantaloni:0.131523239541
Gonne:0.177338759219
Giacche:0.150052537714
Camicie:0.133338428824
Maglie:0.132540009355
Vestiti:0.137740989673

General:0.136927940006
