Pantaloni:0.3867687957279146
Gonne:0.3606847839453337
Giacche:0.39104109984802
Camicie:0.3680593161652335
Maglie:0.4003262408196856
Vestiti:0.34812668795035956

General:0.3838346892520953
