Pantaloni:0.19001293598956115
Gonne:0.15650143230253802
Giacche:0.205602117259052
Camicie:0.18336173585895874
Maglie:0.20315787938659008
Vestiti:0.1729321287379401

General:0.19350539394174363
