Pantaloni:0.42847097427106423
Gonne:0.4842142583852555
Giacche:0.407147082730692
Camicie:0.38791225561203224
Maglie:0.39893398188450646
Vestiti:0.431760924885141

General:0.40934865841034784
