Pantaloni:0.14949302985
Gonne:0.193840362895
Giacche:0.16825395068
Camicie:0.167269427512
Maglie:0.151366339801
Vestiti:0.158761332463

General:0.158116299722
