Pantaloni:0.374721378851
Gonne:0.402428939272
Giacche:0.369880889125
Camicie:0.369891447049
Maglie:0.361263267321
Vestiti:0.383554902472

General:0.369968428638
