Pantaloni:0.339974653227
Gonne:0.354907535744
Giacche:0.337824803516
Camicie:0.353303220504
Maglie:0.34257776254
Vestiti:0.356105629848

General:0.345012681313
